19671
19672
19673
19674
19728
19729
19730
19789
19790
19791
19792
19854
19855
19856
19913
19914
19915
19968
19969
19970
19971
19972
19973
19974
20023
20024
20025
20026
20027
20028
20029
20030
20031
20032
20033
20091
20092
20093
20094
20095
20096
20097
20146
20147
20148
20149
20199
20200
20201
20202
20248
20249
20250
20251
20306
20307
20308
20309
20357
20358
20359
20360
20361
20362
20404
20405
20406
20407
20408
20409
20469
20470
20471
20472
20473
20474
20475
20545
20546
20547
20548
20549
20550
20551
20614
20615
20616
20617
20618
20619
20620
20621
20622
20623
20624
20625
20626
20627
20628
20686
20687
20688
20689
20690
20691
20692
20693
20694
20695
20760
20761
20762
20763
20764
20765
20766
20767
20768
20827
20828
20829
20830
20831
20832
20833
20892
20893
20894
20895
20896
20897
20898
20899
20945
20946
20947
20948
20949
20950
20999
21000
21001
21002
21003
21004
21005
21006
21007
21008
21009
21010
21011
21012
21013
21014
21015
21085
21086
21087
21088
21089
21090
21091
21092
21093
21094
21155
21156
21157
21158
21159
21160
21161
21222
21223
21224
21282
21283
21284
21320
21321
21322
21373
21374
21375
21376
21377
21424
21425
21426
21427
21428
21472
21473
21474
21475
21476
21529
21530
21531
21532
21533
21597
21598
21599
21600
21601
21602
21603
21604
21605
21606
21607
21668
21669
21670
21671
21672
21728
21729
21730
21731
21732
21733
21734
21735
21808
21809
21810
21811
21812
21813
21814
21890
21891
21892
21893
21894
21895
21896
21959
21960
22045
22046
22047
22048
22049
22112
22113
22114
22115
22116
22117
22118
22119
22189
22190
22191
22192
22193
22194
22195
22196
22197
22255
22256
22257
22258
22259
22260
22261
22262
22263
22264
22265
22266
22267
22268
22269
22270
22327
22328
22329
22330
22331
22379
22380
22381
22382
22447
22448
22449
22450
22522
22523
22524
22525
22582
22583
22584
22642
22643
22644
22645
22646
22647
22648
22649
22650
22694
22695
22696
22697
22698
22699
22700
22761
22762
22763
22764
22823
22824
22825
22826
22875
22876
22877
22878
22926
22927
22928
22929
22930
22931
22932
22933
22934
22985
22986
22987
22988
22989
22990
23054
23055
23056
23057
23058
23059
23060
23061
23062
23063
23116
23117
23118
23119
23120
23121
23122
23173
23174
23175
23176
23177
23178
23179
23180
23181
23182
23183
23184
23185
23186
23187
23188
23238
23239
23240
23241
23242
23243
23244
23245
23284
23285
23286
23287
23288
23289
23290
23331
23332
23333
23334
23335
23336
23337
23338
23339
23388
23389
23390
23391
23392
23393
23394
23395
23438
23439
23440
23441
23442
23443
23444
23445
23480
23481
23482
23483
23484
23485
23486
23487
23533
23534
23535
23536
23537
23538
23539
23540
23541
23591
23592
23593
23594
23595
23596
23597
23598
23599
23600
23601
23602
23646
23647
23648
23649
23650
23651
23699
23700
23701
23702
23703
23704
23765
23766
23767
23768
23769
23832
23833
23834
23835
23836
23900
23901
23902
23903
23904
23985
23986
23987
23988
23989
23990
23991
24077
24078
24079
24080
24081
24175
24176
24177
24178
24179
24180
24181
24182
24183
24184
24185
24186
24265
24266
24267
24268
24269
24270
24271
24272
24273
24274
24275
24276
24277
24278
24279
24280
24281
24282
24283
24340
24341
24342
24343
24344
24345
24346
24347
24403
24404
24405
24406
24407
24408
24409
24472
24473
24474
24475
24476
24477
24478
24528
24529
24530
24531
24597
24598
24599
24600
24601
24652
24653
24654
24655
24656
24657
24712
24713
24714
24715
24716
24775
24776
24777
24778
24779
24867
24868
24869
24870
24871
24872
24873
24874
24875
24876
24877
24878
24879
24880
24881
24882
24883
24884
24885
24980
24981
24982
24983
24984
24985
24986
24987
25058
25059
25060
25061
25062
25063
25064
25137
25138
25139
25140
25141
25142
25143
25144
25224
25225
25226
25227
25228
25229
25230
25231
25232
25299
25300
25301
25302
25303
25304
25305
25306
25307
25363
25364
25365
25366
25367
25368
25369
25370
25371
25432
25433
25434
25435
25436
25437
25438
25439
25440
25441
25442
25443
25444
25445
25446
25447
25448
25449
25450
25451
25516
25517
25518
25519
25520
25521
25522
25523
25524
25525
25526
25527
25528
25604
25605
25606
25607
25608
25609
25610
25611
25612
25613
25681
25682
25683
25684
25685
25686
25687
25688
25689
25690
25691
25692
25759
25760
25761
25762
25763
25764
25765
25766
25767
25768
25769
25770
25771
25772
25773
25774
25775
25776
25777
25778
25779
25852
25853
25854
25855
25856
25857
25858
25859
25860
25861
25948
25949
25950
25951
25952
25953
25954
25955
25956
25957
25958
26024
26025
26026
26027
26028
26029
26030
26031
26032
26033
26034
26035
26036
26037
26092
26093
26094
26095
26096
26097
26098
26099
26100
26101
26102
26103
26104
26105
26106
26107
26160
26161
26162
26163
26164
26165
26166
26167
26211
26212
26213
26214
26215
26216
26217
26218
26219
26282
26283
26284
26285
26286
26287
26288
26289
26345
26346
26347
26348
26349
26350
26351
26405
26406
26407
26408
26409
26410
26411
26412
26461
26462
26463
26464
26465
26466
26467
26468
26469
26470
26471
26472
26473
26474
26475
26476
26477
26478
26479
26480
26481
26482
26483
26484
26485
26486
26487
26542
26543
26544
26545
26546
26547
26548
26549
26550
26625
26626
26627
26628
26629
26630
26631
26632
26633
26634
26635
26636
26637
26718
26719
26720
26721
26722
26723
26724
26725
26726
26727
26806
26807
26808
26809
26810
26811
26812
26813
26918
26919
26920
26921
26922
26923
26924
26925
26926
26927
27010
27011
27012
27013
27014
27015
27016
27017
27018
27019
27020
27021
27085
27086
27087
27088
27089
27090
27091
27092
27093
27094
27095
27171
27172
27173
27174
27175
27176
27177
27178
27179
27268
27269
27270
27271
27272
27273
27274
27275
27276
27346
27347
27348
27349
27350
27351
27352
27353
27354
27355
27414
27415
27416
27417
27418
27419
27420
27421
27479
27480
27481
27482
27483
27484
27485
27486
27487
27551
27552
27553
27554
27555
27556
27557
27558
27559
27560
27638
27639
27640
27641
27642
27643
27644
27645
27646
27647
27648
27649
27650
27651
27728
27729
27730
27731
27732
27733
27734
27735
27736
27737
27738
27739
27740
27741
27742
27815
27816
27817
27818
27819
27820
27821
27822
27823
27824
27825
27896
27897
27898
27899
27900
27901
27902
27903
27966
27967
27968
27969
27970
27971
27972
27973
28053
28054
28055
28056
28057
28058
28059
28060
28061
28062
28145
28146
28147
28148
28149
28150
28151
28152
28227
28228
28229
28230
28231
28232
28233
28302
28303
28304
28305
28306
28307
28308
28309
28374
28375
28376
28377
28378
28379
28468
28469
28470
28471
28472
28473
28474
28475
28476
28558
28559
28560
28561
28562
28563
28655
28656
28657
28658
28659
28660
28661
28729
28730
28731
28732
28733
28734
28735
28736
28737
28738
28739
28740
28741
28742
28743
28744
28745
28746
28810
28811
28812
28813
28814
28815
28816
28879
28880
28881
28882
28883
28884
28955
28956
28957
28958
28959
28960
28961
28962
29053
29054
29055
29056
29057
29058
29148
29149
29150
29151
29152
29153
29154
29155
29156
29157
29158
61845
61856
61870
61879
